                                                   
             [38;2;180;154;50m▀[0m                  [38;2;99;94;50m▀[0m                  
                  [38;2;243;202;73m▀[0m                           [38;2;31;43;49m▄[0m    
        [38;2;65;68;50m▀[0m                                 [38;2;73;75;49m▀[0m        
                              [38;2;56;73;79;48;2;55;72;79m▄[0m[38;2;39;55;65m▄[0m                   
   [38;2;43;52;50m▀[0m                [38;2;126;113;50m▀[0m   [38;2;38;55;65m▄[0m   [38;2;23;38;54m▄[0m[38;2;23;38;53;48;2;23;39;53m▄[0m[38;2;31;47;60;48;2;24;39;54m▄[0m[38;2;55;72;78;48;2;58;75;82m▄[0m[38;2;58;75;81;48;2;37;52;64m▄[0m[38;2;36;51;63m▄[0m             [38;2;33;44;50m▀[0m   
                      [38;2;20;35;51m▄[0m[38;2;23;39;54;48;2;20;36;51m▄[0m[38;2;23;38;54;48;2;26;41;55m▄[0m[38;2;35;51;62;48;2;58;75;81m▄[0m[38;2;58;74;80;48;2;37;53;64m▄[0m[38;2;38;54;65;48;2;23;39;54m▄[0m[38;2;23;39;54;48;2;23;38;53m▄[0m[38;2;23;38;53;48;2;23;39;53m▄[0m[38;2;27;43;56;48;2;23;39;53m▄[0m[38;2;32;47;60;48;2;23;39;54m▄[0m[38;2;36;52;63;48;2;55;72;78m▄[0m[38;2;58;76;81;48;2;58;75;81m▄[0m[38;2;58;75;81;48;2;58;75;81m▄[0m[38;2;59;76;81m▄[0m [38;2;56;73;79m▄[0m             
 [38;2;137;122;50m▀[0m             [38;2;21;37;52m▄[0m[38;2;23;39;53;48;2;22;37;52m▄[0m[38;2;23;39;53;48;2;32;48;60m▄[0m[38;2;44;60;69;48;2;57;73;80m▄[0m[38;2;56;73;79m▄[0m[38;2;19;35;50m▄[0m[38;2;23;38;53;48;2;20;35;51m▄[0m[38;2;22;39;53;48;2;23;39;53m▄[0m[38;2;23;39;54;48;2;23;39;53m▄[0m[38;2;24;40;54;48;2;31;47;59m▄[0m[38;2;42;58;68;48;2;23;39;54m▄[0m[38;2;24;40;54;48;2;43;59;68m▄[0m[38;2;24;39;54;48;2;53;70;77m▄[0m[38;2;55;72;78;48;2;37;53;64m▄[0m[38;2;36;52;63;48;2;23;39;54m▄[0m[38;2;23;39;53;48;2;23;38;53m▄[0m[38;2;23;38;53;48;2;24;39;54m▄[0m[38;2;23;38;53;48;2;23;39;54m▄[0m[38;2;23;38;53;48;2;56;72;79m▄[0m[38;2;32;48;60;48;2;58;75;81m▄[0m[38;2;23;39;54;48;2;58;75;81m▄[0m[38;2;58;75;81;48;2;57;75;80m▄[0m[38;2;59;76;81;48;2;27;42;56m▄[0m[38;2;59;76;81;48;2;59;75;81m▄[0m[38;2;58;75;81m▄[0m     [38;2;154;135;50m▀[0m     
    [38;2;23;38;53;48;2;19;35;51m▄[0m[38;2;45;61;70;48;2;49;66;74m▄[0m[38;2;26;42;56m▄[0m    [38;2;21;37;51m▄[0m[38;2;54;71;78;48;2;53;70;77m▄[0m[38;2;25;40;54m▄[0m[38;2;23;39;54;48;2;22;37;52m▄[0m[38;2;23;39;53;48;2;23;39;53m▄[0m[38;2;23;39;53;48;2;23;39;53m▄[0m[38;2;23;39;54;48;2;23;39;53m▄[0m[38;2;23;39;54;48;2;28;44;57m▄[0m[38;2;24;39;54;48;2;39;55;65m▄[0m[38;2;56;73;79;48;2;55;71;78m▄[0m[38;2;26;42;56;48;2;23;39;53m▄[0m[38;2;23;39;54;48;2;23;39;53m▄[0m[38;2;24;39;54;48;2;23;39;53m▄[0m[38;2;23;39;54;48;2;24;39;54m▄[0m[38;2;35;51;63;48;2;51;68;76m▄[0m[38;2;37;53;64;48;2;58;75;81m▄[0m[38;2;23;39;54;48;2;25;41;54m▄[0m[38;2;24;39;54;48;2;23;39;54m▄[0m[38;2;31;47;60;48;2;56;73;79m▄[0m[38;2;58;75;81;48;2;36;52;63m▄[0m[38;2;23;39;54;48;2;23;39;53m▄[0m[38;2;23;39;53;48;2;23;38;53m▄[0m[38;2;23;39;53;48;2;23;39;53m▄[0m[38;2;23;39;53;48;2;23;39;53m▄[0m[38;2;23;39;53;48;2;23;39;53m▄[0m[38;2;23;39;53;48;2;24;40;54m▄[0m[38;2;41;57;66;48;2;58;75;81m▄[0m[38;2;27;43;57;48;2;27;43;56m▄[0m[38;2;29;45;58;48;2;57;75;80m▄[0m[38;2;59;76;82;48;2;57;74;80m▄[0m[38;2;25;41;55m▄[0m[38;2;23;39;54;48;2;21;37;52m▄[0m[38;2;49;66;73;48;2;51;67;75m▄[0m[38;2;36;53;64m▄[0m      
 [38;2;23;39;53m▄[0m[38;2;24;39;54m▄[0m[38;2;23;39;54;48;2;23;39;54m▄[0m[38;2;23;39;54;48;2;23;39;53m▄[0m[38;2;23;39;54;48;2;24;40;54m▄[0m[38;2;24;40;54;48;2;58;75;81m▄[0m[38;2;24;40;54;48;2;25;40;55m▄[0m[38;2;24;39;54m▄[0m[38;2;23;39;54m▄[0m[38;2;24;39;54;48;2;20;36;51m▄[0m[38;2;24;39;54;48;2;23;39;53m▄[0m[38;2;23;39;54;48;2;23;39;53m▄[0m[38;2;23;39;54;48;2;31;47;60m▄[0m[38;2;23;39;54;48;2;23;39;53m▄[0m[38;2;23;39;53;48;2;22;39;53m▄[0m[38;2;23;39;54;48;2;23;39;53m▄[0m[38;2;23;39;54;48;2;23;39;54m▄[0m[38;2;23;39;54;48;2;23;39;54m▄[0m[38;2;23;39;53;48;2;23;39;54m▄[0m[38;2;23;39;54;48;2;23;39;54m▄[0m[38;2;23;39;54;48;2;32;48;60m▄[0m[38;2;24;40;54;48;2;24;40;55m▄[0m[38;2;24;39;54;48;2;23;39;54m▄[0m[38;2;23;39;54;48;2;24;39;54m▄[0m[38;2;23;39;54;48;2;23;39;54m▄[0m[38;2;23;39;54;48;2;23;39;54m▄[0m[38;2;24;40;54;48;2;23;39;53m▄[0m[38;2;23;39;54;48;2;23;39;54m▄[0m[38;2;24;39;54;48;2;23;39;54m▄[0m[38;2;23;39;54;48;2;24;39;54m▄[0m[38;2;23;39;54;48;2;28;43;57m▄[0m[38;2;23;39;54;48;2;23;39;53m▄[0m[38;2;23;39;53;48;2;23;39;53m▄[0m[38;2;23;39;53;48;2;23;39;53m▄[0m[38;2;23;39;53;48;2;23;39;53m▄[0m[38;2;23;39;54;48;2;23;39;53m▄[0m[38;2;23;38;53;48;2;23;39;53m▄[0m[38;2;23;39;53;48;2;23;39;53m▄[0m[38;2;23;39;53;48;2;23;39;53m▄[0m[38;2;23;39;53;48;2;24;39;54m▄[0m[38;2;24;39;54;48;2;54;71;78m▄[0m[38;2;23;40;54;48;2;28;44;57m▄[0m[38;2;23;39;54;48;2;24;39;54m▄[0m[38;2;24;39;54;48;2;51;67;75m▄[0m[38;2;24;39;54;48;2;35;51;63m▄[0m[38;2;23;39;54m▄[0m[38;2;23;39;54;48;2;21;37;52m▄[0m[38;2;23;39;54m▄[0m[38;2;21;37;52m▄[0m 
[38;2;17;32;48;48;2;23;39;54m▄[0m[38;2;17;32;48;48;2;23;39;54m▄[0m[38;2;17;33;48;48;2;23;39;53m▄[0m[38;2;17;32;48;48;2;23;39;54m▄[0m[38;2;17;32;48;48;2;23;39;54m▄[0m[38;2;17;32;48;48;2;23;39;54m▄[0m[38;2;17;32;48;48;2;23;39;54m▄[0m[38;2;18;33;48;48;2;23;39;54m▄[0m[38;2;17;32;48;48;2;23;39;54m▄[0m[38;2;17;32;48;48;2;23;39;54m▄[0m[38;2;17;32;48;48;2;23;39;54m▄[0m[38;2;34;44;48;48;2;23;39;54m▄[0m[38;2;58;61;47;48;2;23;39;54m▄[0m[38;2;81;78;47;48;2;23;39;53m▄[0m[38;2;104;95;47;48;2;23;39;54m▄[0m[38;2;127;111;47;48;2;23;39;54m▄[0m[38;2;151;129;46;48;2;23;39;54m▄[0m[38;2;162;137;46;48;2;23;39;54m▄[0m[38;2;185;153;46;48;2;23;39;54m▄[0m[38;2;209;171;46;48;2;23;39;54m▄[0m[38;2;233;187;45;48;2;23;39;54m▄[0m[38;2;253;202;45;48;2;24;39;54m▄[0m[38;2;197;162;46;48;2;23;39;54m▄[0m[38;2;34;49;64;48;2;24;39;54m▄[0m[38;2;128;116;56;48;2;24;39;54m▄[0m[38;2;36;51;66;48;2;23;39;54m▄[0m[38;2;31;45;61;48;2;24;40;54m▄[0m[38;2;204;167;46;48;2;24;39;54m▄[0m[38;2;253;202;45;48;2;24;39;54m▄[0m[38;2;253;202;45;48;2;24;39;54m▄[0m[38;2;241;193;45;48;2;23;39;54m▄[0m[38;2;225;182;45;48;2;23;39;54m▄[0m[38;2;210;172;46;48;2;23;39;54m▄[0m[38;2;195;160;46;48;2;23;39;54m▄[0m[38;2;187;155;46;48;2;23;39;54m▄[0m[38;2;172;143;46;48;2;23;39;54m▄[0m[38;2;156;132;46;48;2;23;39;54m▄[0m[38;2;141;121;46;48;2;23;39;53m▄[0m[38;2;125;110;47;48;2;23;39;54m▄[0m[38;2;107;97;47;48;2;23;39;54m▄[0m[38;2;82;79;47;48;2;23;39;54m▄[0m[38;2;58;61;47;48;2;23;39;54m▄[0m[38;2;34;45;48;48;2;23;39;54m▄[0m[38;2;22;35;48;48;2;23;39;54m▄[0m[38;2;17;32;48;48;2;23;39;54m▄[0m[38;2;17;32;48;48;2;23;39;54m▄[0m[38;2;18;32;48;48;2;23;39;54m▄[0m[38;2;17;32;48;48;2;23;39;54m▄[0m[38;2;17;32;48;48;2;23;39;54m▄[0m[38;2;17;33;48;48;2;23;39;54m▄[0m[38;2;17;32;48;48;2;24;39;54m▄[0m
[38;2;250;198;42;48;2;251;199;42m▄[0m[38;2;251;198;43;48;2;251;199;42m▄[0m[38;2;251;199;42;48;2;250;199;42m▄[0m[38;2;251;198;42;48;2;251;198;42m▄[0m[38;2;250;198;42;48;2;250;198;42m▄[0m[38;2;251;198;42;48;2;251;199;42m▄[0m[38;2;251;198;43;48;2;250;198;42m▄[0m[38;2;251;199;43;48;2;250;198;42m▄[0m[38;2;251;198;42;48;2;250;198;42m▄[0m[38;2;250;198;42;48;2;251;199;42m▄[0m[38;2;251;198;42;48;2;250;199;43m▄[0m[38;2;250;198;42;48;2;250;198;42m▄[0m[38;2;251;198;42;48;2;250;199;42m▄[0m[38;2;250;198;42;48;2;251;199;43m▄[0m[38;2;250;198;42;48;2;251;200;43m▄[0m[38;2;251;198;42;48;2;251;199;43m▄[0m[38;2;250;198;43;48;2;251;199;43m▄[0m[38;2;250;198;42;48;2;251;200;43m▄[0m[38;2;250;198;42;48;2;251;200;43m▄[0m[38;2;251;198;42;48;2;251;200;43m▄[0m[38;2;175;147;45;48;2;252;200;44m▄[0m[38;2;34;49;64;48;2;213;174;44m▄[0m[38;2;36;51;66;48;2;34;49;64m▄[0m[38;2;36;51;66;48;2;36;51;67m▄[0m[38;2;191;159;48;48;2;166;143;51m▄[0m[38;2;36;51;66;48;2;36;51;67m▄[0m[38;2;36;51;66;48;2;36;51;67m▄[0m[38;2;36;51;67;48;2;30;45;60m▄[0m[38;2;30;45;60;48;2;201;164;44m▄[0m[38;2;203;166;44;48;2;250;198;42m▄[0m[38;2;250;198;42;48;2;250;199;42m▄[0m[38;2;250;198;42;48;2;250;199;42m▄[0m[38;2;250;198;42;48;2;251;199;43m▄[0m[38;2;250;198;42;48;2;251;199;43m▄[0m[38;2;250;198;43;48;2;251;199;43m▄[0m[38;2;250;198;42;48;2;251;199;43m▄[0m[38;2;250;198;42;48;2;251;199;43m▄[0m[38;2;250;198;42;48;2;251;199;43m▄[0m[38;2;250;198;42;48;2;251;200;43m▄[0m[38;2;251;198;42;48;2;251;200;43m▄[0m[38;2;250;198;43;48;2;251;200;43m▄[0m[38;2;251;199;43;48;2;252;201;44m▄[0m[38;2;251;199;43;48;2;252;200;44m▄[0m[38;2;251;198;42;48;2;252;200;44m▄[0m[38;2;251;199;42;48;2;252;200;44m▄[0m[38;2;251;198;42;48;2;252;200;44m▄[0m[38;2;250;198;42;48;2;252;201;44m▄[0m[38;2;251;199;42;48;2;252;200;44m▄[0m[38;2;251;198;42;48;2;252;201;44m▄[0m[38;2;251;199;42;48;2;252;200;44m▄[0m[38;2;251;199;43;48;2;252;200;43m▄[0m
[38;2;250;197;42;48;2;250;198;42m▄[0m[38;2;244;186;29;48;2;250;198;42m▄[0m[38;2;250;198;42;48;2;251;199;42m▄[0m[38;2;250;197;41;48;2;250;198;42m▄[0m[38;2;248;195;38;48;2;250;199;42m▄[0m[38;2;250;198;42;48;2;251;199;42m▄[0m[38;2;250;197;42;48;2;250;198;42m▄[0m[38;2;250;198;42;48;2;251;199;43m▄[0m[38;2;248;192;36;48;2;250;198;42m▄[0m[38;2;244;184;27;48;2;250;198;42m▄[0m[38;2;250;197;41;48;2;251;198;42m▄[0m[38;2;240;176;19;48;2;251;198;42m▄[0m[38;2;250;198;42;48;2;250;198;42m▄[0m[38;2;249;196;41;48;2;251;198;43m▄[0m[38;2;244;184;27;48;2;250;198;42m▄[0m[38;2;248;193;36;48;2;250;198;42m▄[0m[38;2;249;197;41;48;2;250;199;43m▄[0m[38;2;240;175;17;48;2;250;198;42m▄[0m[38;2;175;147;45;48;2;250;198;42m▄[0m[38;2;33;48;64;48;2;176;147;45m▄[0m[38;2;37;51;67;48;2;34;48;64m▄[0m[38;2;36;51;66;48;2;36;51;67m▄[0m[38;2;36;51;66;48;2;36;51;66m▄[0m[38;2;36;51;66;48;2;36;51;66m▄[0m[38;2;241;193;42;48;2;216;175;46m▄[0m[38;2;37;51;67;48;2;37;51;67m▄[0m[38;2;36;51;66;48;2;36;51;66m▄[0m[38;2;35;50;66;48;2;36;51;66m▄[0m[38;2;36;51;67;48;2;37;51;67m▄[0m[38;2;36;51;66;48;2;29;44;59m▄[0m[38;2;29;44;59;48;2;205;167;43m▄[0m[38;2;209;170;42;48;2;251;198;42m▄[0m[38;2;246;191;35;48;2;247;191;35m▄[0m[38;2;246;189;34;48;2;251;198;42m▄[0m[38;2;243;183;26;48;2;250;198;42m▄[0m[38;2;250;197;42;48;2;250;198;42m▄[0m[38;2;250;197;42;48;2;250;198;42m▄[0m[38;2;241;179;22;48;2;251;198;42m▄[0m[38;2;250;197;41;48;2;250;198;42m▄[0m[38;2;241;177;21;48;2;250;198;42m▄[0m[38;2;250;198;43;48;2;251;198;43m▄[0m[38;2;250;198;43;48;2;250;198;43m▄[0m[38;2;250;198;42;48;2;251;199;42m▄[0m[38;2;243;182;25;48;2;251;198;42m▄[0m[38;2;245;186;29;48;2;251;199;43m▄[0m[38;2;250;197;42;48;2;251;198;42m▄[0m[38;2;244;185;28;48;2;250;198;43m▄[0m[38;2;250;198;42;48;2;251;199;43m▄[0m[38;2;250;198;42;48;2;251;198;42m▄[0m[38;2;249;195;39;48;2;250;198;42m▄[0m[38;2;250;198;42;48;2;250;198;43m▄[0m
[38;2;241;181;24;48;2;250;198;42m▄[0m[38;2;244;185;29;48;2;244;186;29m▄[0m[38;2;248;194;37;48;2;250;198;42m▄[0m[38;2;240;178;22;48;2;244;186;30m▄[0m[38;2;244;186;29;48;2;248;194;38m▄[0m[38;2;250;198;42;48;2;250;198;42m▄[0m[38;2;245;188;32;48;2;249;196;40m▄[0m[38;2;243;182;26;48;2;250;197;42m▄[0m[38;2;246;190;34;48;2;247;190;34m▄[0m[38;2;242;180;23;48;2;242;181;24m▄[0m[38;2;240;178;21;48;2;250;197;41m▄[0m[38;2;240;175;18;48;2;240;176;19m▄[0m[38;2;241;178;21;48;2;245;186;30m▄[0m[38;2;248;194;38;48;2;249;196;41m▄[0m[38;2;243;183;27;48;2;243;184;27m▄[0m[38;2;239;175;17;48;2;242;181;24m▄[0m[38;2;175;146;44;48;2;249;197;41m▄[0m[38;2;24;37;49;48;2;239;175;17m▄[0m[38;2;36;51;67;48;2;24;37;50m▄[0m[38;2;36;51;67;48;2;36;51;67m▄[0m[38;2;36;51;66;48;2;36;51;67m▄[0m[38;2;36;51;66;48;2;36;51;67m▄[0m[38;2;36;51;66;48;2;36;50;66m▄[0m[38;2;36;51;66;48;2;36;51;66m▄[0m[38;2;249;197;42;48;2;249;199;42m▄[0m[38;2;55;65;64;48;2;35;50;67m▄[0m[38;2;36;51;67;48;2;36;51;66m▄[0m[38;2;36;50;66;48;2;35;50;66m▄[0m[38;2;36;50;66;48;2;35;50;66m▄[0m[38;2;36;51;66;48;2;36;51;66m▄[0m[38;2;36;51;67;48;2;36;51;67m▄[0m[38;2;36;51;67;48;2;30;42;48m▄[0m[38;2;32;42;48;48;2;247;191;35m▄[0m[38;2;239;174;17;48;2;246;189;33m▄[0m[38;2;239;174;17;48;2;243;182;26m▄[0m[38;2;246;189;33;48;2;247;191;35m▄[0m[38;2;249;195;40;48;2;249;197;42m▄[0m[38;2;238;174;18;48;2;239;175;18m▄[0m[38;2;239;174;17;48;2;250;197;41m▄[0m[38;2;240;177;20;48;2;241;177;21m▄[0m[38;2;250;197;42;48;2;250;197;42m▄[0m[38;2;245;188;32;48;2;249;196;40m▄[0m[38;2;242;180;24;48;2;250;198;41m▄[0m[38;2;239;174;17;48;2;243;182;25m▄[0m[38;2;243;182;26;48;2;242;182;26m▄[0m[38;2;250;198;42;48;2;250;198;42m▄[0m[38;2;245;188;31;48;2;247;192;36m▄[0m[38;2;249;195;40;48;2;250;198;42m▄[0m[38;2;243;181;24;48;2;245;188;32m▄[0m[38;2;249;194;38;48;2;248;194;38m▄[0m[38;2;245;189;33;48;2;250;198;42m▄[0m
[38;2;239;174;17;48;2;238;173;17m▄[0m[38;2;244;184;28;48;2;244;185;29m▄[0m[38;2;243;184;27;48;2;243;184;27m▄[0m[38;2;240;178;21;48;2;240;178;21m▄[0m[38;2;240;177;20;48;2;239;174;17m▄[0m[38;2;239;173;17;48;2;247;192;36m▄[0m[38;2;239;174;17;48;2;239;174;17m▄[0m[38;2;243;182;25;48;2;242;182;25m▄[0m[38;2;239;174;17;48;2;246;189;33m▄[0m[38;2;242;180;23;48;2;242;180;23m▄[0m[38;2;239;174;17;48;2;239;174;17m▄[0m[38;2;239;174;17;48;2;239;174;17m▄[0m[38;2;241;178;21;48;2;240;178;21m▄[0m[38;2;246;190;33;48;2;246;189;33m▄[0m[38;2;179;141;31;48;2;243;184;27m▄[0m[38;2;31;45;61;48;2;175;134;27m▄[0m[38;2;36;51;67;48;2;33;47;63m▄[0m[38;2;36;51;67;48;2;36;51;67m▄[0m[38;2;36;51;67;48;2;36;51;67m▄[0m[38;2;36;51;67;48;2;36;51;67m▄[0m[38;2;36;51;66;48;2;36;51;66m▄[0m[38;2;36;51;66;48;2;36;51;66m▄[0m[38;2;36;51;67;48;2;36;50;66m▄[0m[38;2;37;51;66;48;2;36;51;66m▄[0m[38;2;250;197;41;48;2;249;197;41m▄[0m[38;2;106;99;59;48;2;80;81;61m▄[0m[38;2;36;50;66;48;2;36;50;66m▄[0m[38;2;35;50;66;48;2;36;50;66m▄[0m[38;2;35;50;66;48;2;36;51;66m▄[0m[38;2;36;50;66;48;2;36;51;66m▄[0m[38;2;36;51;66;48;2;36;51;66m▄[0m[38;2;36;51;66;48;2;36;51;66m▄[0m[38;2;36;51;67;48;2;37;51;67m▄[0m[38;2;37;52;67;48;2;32;41;47m▄[0m[38;2;27;41;57;48;2;201;151;22m▄[0m[38;2;207;163;34;48;2;246;189;32m▄[0m[38;2;247;192;36;48;2;247;192;37m▄[0m[38;2;239;174;17;48;2;239;174;18m▄[0m[38;2;239;174;18;48;2;239;174;17m▄[0m[38;2;238;173;17;48;2;240;175;19m▄[0m[38;2;238;173;17;48;2;248;194;38m▄[0m[38;2;238;173;17;48;2;239;174;17m▄[0m[38;2;238;173;17;48;2;242;180;23m▄[0m[38;2;246;190;34;48;2;239;173;17m▄[0m[38;2;239;174;17;48;2;239;174;17m▄[0m[38;2;245;187;31;48;2;250;197;41m▄[0m[38;2;239;173;17;48;2;245;187;32m▄[0m[38;2;246;191;35;48;2;247;191;35m▄[0m[38;2;240;176;20;48;2;239;173;17m▄[0m[38;2;247;192;35;48;2;248;193;37m▄[0m[38;2;239;174;17;48;2;240;174;17m▄[0m
[38;2;242;181;25;48;2;242;181;24m▄[0m[38;2;238;173;17;48;2;239;174;17m▄[0m[38;2;243;183;27;48;2;243;184;27m▄[0m[38;2;239;173;16;48;2;239;174;17m▄[0m[38;2;240;175;17;48;2;240;177;20m▄[0m[38;2;238;173;17;48;2;238;173;17m▄[0m[38;2;239;173;17;48;2;239;174;17m▄[0m[38;2;240;177;21;48;2;243;182;26m▄[0m[38;2;243;182;26;48;2;239;174;17m▄[0m[38;2;247;191;35;48;2;240;175;18m▄[0m[38;2;239;175;17;48;2;240;176;19m▄[0m[38;2;239;174;17;48;2;239;174;18m▄[0m[38;2;178;135;26;48;2;239;173;17m▄[0m[38;2;29;44;60;48;2;181;145;35m▄[0m[38;2;36;51;66;48;2;31;46;61m▄[0m[38;2;36;50;66;48;2;36;51;67m▄[0m[38;2;36;51;67;48;2;36;51;67m▄[0m[38;2;36;50;66;48;2;36;51;67m▄[0m[38;2;36;51;66;48;2;36;51;67m▄[0m[38;2;36;51;66;48;2;36;51;66m▄[0m[38;2;36;51;66;48;2;36;51;66m▄[0m[38;2;36;51;66;48;2;36;51;66m▄[0m[38;2;36;51;66;48;2;36;51;66m▄[0m[38;2;37;51;66;48;2;37;51;66m▄[0m[38;2;250;197;41;48;2;250;197;41m▄[0m[38;2;194;161;48;48;2;147;128;54m▄[0m[38;2;36;51;66;48;2;36;51;66m▄[0m[38;2;36;50;66;48;2;36;51;66m▄[0m[38;2;36;50;66;48;2;36;51;66m▄[0m[38;2;36;51;66;48;2;36;51;66m▄[0m[38;2;35;51;66;48;2;36;51;67m▄[0m[38;2;36;51;66;48;2;36;51;66m▄[0m[38;2;36;50;66;48;2;36;51;67m▄[0m[38;2;36;51;67;48;2;36;51;67m▄[0m[38;2;36;51;67;48;2;36;51;67m▄[0m[38;2;36;51;66;48;2;25;40;56m▄[0m[38;2;25;39;55;48;2;212;169;38m▄[0m[38;2;207;155;21;48;2;238;174;17m▄[0m[38;2;239;173;17;48;2;239;174;17m▄[0m[38;2;249;197;41;48;2;250;198;42m▄[0m[38;2;238;173;17;48;2;239;173;17m▄[0m[38;2;240;176;19;48;2;241;178;22m▄[0m[38;2;239;173;16;48;2;238;173;17m▄[0m[38;2;239;173;17;48;2;246;190;34m▄[0m[38;2;245;189;32;48;2;246;189;33m▄[0m[38;2;241;180;24;48;2;245;187;31m▄[0m[38;2;239;173;17;48;2;239;174;17m▄[0m[38;2;242;182;25;48;2;247;191;35m▄[0m[38;2;246;191;35;48;2;247;191;35m▄[0m[38;2;238;173;17;48;2;239;174;17m▄[0m[38;2;244;185;28;48;2;249;195;39m▄[0m
[38;2;238;173;16;48;2;239;174;17m▄[0m[38;2;238;173;16;48;2;238;173;17m▄[0m[38;2;238;173;16;48;2;243;183;26m▄[0m[38;2;238;173;16;48;2;238;173;17m▄[0m[38;2;239;174;16;48;2;238;173;17m▄[0m[38;2;238;173;16;48;2;238;173;16m▄[0m[38;2;238;173;16;48;2;239;174;16m▄[0m[38;2;238;173;16;48;2;238;173;17m▄[0m[38;2;238;173;17;48;2;242;182;26m▄[0m[38;2;238;173;16;48;2;246;191;35m▄[0m[38;2;179;136;26;48;2;238;173;17m▄[0m[38;2;25;40;55;48;2;178;135;25m▄[0m[38;2;36;51;66;48;2;27;42;57m▄[0m[38;2;36;50;66;48;2;36;51;66m▄[0m[38;2;36;50;66;48;2;36;50;66m▄[0m[38;2;35;50;66;48;2;36;51;66m▄[0m[38;2;36;51;66;48;2;36;51;67m▄[0m[38;2;35;50;66;48;2;36;51;66m▄[0m[38;2;36;51;66;48;2;36;51;66m▄[0m[38;2;36;50;66;48;2;36;51;66m▄[0m[38;2;36;51;66;48;2;36;51;66m▄[0m[38;2;36;51;66;48;2;36;51;66m▄[0m[38;2;36;51;66;48;2;36;51;66m▄[0m[38;2;93;91;59;48;2;48;60;65m▄[0m[38;2;250;197;41;48;2;250;197;40m▄[0m[38;2;250;197;41;48;2;242;195;41m▄[0m[38;2;59;68;63;48;2;35;49;67m▄[0m[38;2;35;50;66;48;2;35;50;66m▄[0m[38;2;35;51;66;48;2;36;51;66m▄[0m[38;2;36;51;66;48;2;36;51;66m▄[0m[38;2;36;50;66;48;2;36;51;67m▄[0m[38;2;36;51;66;48;2;36;51;66m▄[0m[38;2;36;50;66;48;2;36;51;66m▄[0m[38;2;35;50;66;48;2;36;51;67m▄[0m[38;2;35;50;66;48;2;36;51;66m▄[0m[38;2;36;51;66;48;2;36;51;67m▄[0m[38;2;36;51;66;48;2;36;51;66m▄[0m[38;2;36;51;66;48;2;24;38;54m▄[0m[38;2;22;37;53;48;2;207;154;21m▄[0m[38;2;208;155;21;48;2;238;173;16m▄[0m[38;2;238;173;16;48;2;238;173;17m▄[0m[38;2;238;173;16;48;2;238;173;17m▄[0m[38;2;238;173;16;48;2;237;173;17m▄[0m[38;2;239;173;16;48;2;239;174;16m▄[0m[38;2;238;173;16;48;2;238;173;17m▄[0m[38;2;238;173;16;48;2;238;172;16m▄[0m[38;2;238;173;16;48;2;238;173;17m▄[0m[38;2;238;173;16;48;2;238;173;17m▄[0m[38;2;238;172;16;48;2;246;189;32m▄[0m[38;2;238;173;16;48;2;238;173;17m▄[0m[38;2;239;174;17;48;2;239;174;17m▄[0m

